for db -:



INSERT INTO warehouse (user_id, city_id, capacity, availability, price_per_day) VALUES
(45, 1, 1000, TRUE, 500),
(46, 2, 1500, FALSE, 600),
(47, 3, 1200, TRUE, 550),
(48, 4, 1300, FALSE, 700),
(49, 5, 1400, TRUE, 650),
(50, 6, 1600, FALSE, 750),
(45, 7, 1700, TRUE, 800),
(46, 8, 1800, FALSE, 850),
(47, 9, 1900, TRUE, 900),
(48, 10, 2000, FALSE, 950),
(49, 11, 2100, TRUE, 1000),
(50, 12, 2200, FALSE, 1050),
(45, 13, 2300, TRUE, 1100),
(46, 14, 2400, FALSE, 1150),
(47, 15, 2500, TRUE, 1200),
(48, 16, 2600, FALSE, 1250),
(49, 17, 2700, TRUE, 1300),
(50, 18, 2800, FALSE, 1350),
(45, 19, 2900, TRUE, 1400),
(46, 20, 3000, FALSE, 1450),
(47, 21, 3100, TRUE, 1500),
(48, 22, 3200, FALSE, 1550),
(49, 23, 3300, TRUE, 1600),
(50, 24, 3400, FALSE, 1650),
(45, 25, 3500, TRUE, 1700),
(46, 26, 3600, FALSE, 1750),
(47, 27, 3700, TRUE, 1800),
(48, 28, 3800, FALSE, 1850),
(49, 29, 3900, TRUE, 1900),
(50, 30, 4000, FALSE, 1950),
(45, 31, 4100, TRUE, 2000),
(46, 32, 4200, FALSE, 2050),
(47, 33, 4300, TRUE, 2100),
(48, 34, 4400, FALSE, 2150),
(49, 35, 4500, TRUE, 2200),
(50, 36, 4600, FALSE, 2250),
(45, 37, 4700, TRUE, 2300),
(46, 38, 4800, FALSE, 2350),
(47, 39, 4900, TRUE, 2400),
(48, 40, 5000, FALSE, 2450),
(49, 41, 5100, TRUE, 2500),
(50, 42, 5200, FALSE, 2550),
(45, 43, 5300, TRUE, 2600),
(46, 44, 5400, FALSE, 2650),
(47, 45, 5500, TRUE, 2700),
(48, 46, 5600, FALSE, 2750),
(49, 47, 5700, TRUE, 2800),
(50, 48, 5800, FALSE, 2850),
(45, 49, 5900, TRUE, 2900);


